11111 1 100
22222 1 200
33333 1 300
44444 1 400
55555 1 500
66666 1 600
11111 2 700
22222 2 800
33333 2 900
44444 2 110
55555 2 210
66666 2 310
11111 3 410
22222 3 510
33333 3 610
44444 3 710
55555 3 810
66666 3 910
11111 4 120
22222 4 220
33333 4 320
44444 4 420
55555 4 520
66666 4 620
11111 5 120
22222 6 220
33333 7 320
44444 8 420
55555 9 520
66666 10 620
11111 5 120
22222 6 220
33333 7 320
44444 8 420
55555 9 520
66666 10 620
11111 5 120
22222 6 220
33333 7 320
44444 8 420
55555 9 520
66666 10 620
11111 5 120
22222 6 220
33333 7 320
44444 8 420
55555 9 520
66666 10 620
11111 6 120
22222 7 220
33333 8 320
44444 9 420
55555 10 520
66666 11 620
11111 6 120
22222 7 220
33333 8 320
44444 9 420
55555 10 520
66666 11 620
11111 7 120
22222 8 220
33333 9 320
44444 10 420
55555 11 520
66666 12 620
11111 7 120
22222 8 220
33333 9 320
44444 10 420
55555 11 520
66666 12 620